      0 125
      1 126
      2 127
      0 128
      3 129
      1 130
      4 131
      2 132
      5 133
      0 134
      6 135
      3 136
      7 137
      1 138
      8 139
      4 140
      9 141
      2 142
     10 143
      5 144
     11 145
     11 146
     11 147
     12 148
      6 149
     13 150
      3 151
     14 152
      7 153
      8 154
     15 155
      4 156
     16 157
      9 158
     10 159
     17 160
      5 161
     18 162
     11 163
     19 164
     12 165
     20 166
     20 167
     20 168
     21 169
     13 170
     14 171
     22 172
      7 173
     23 174
      8 175
     24 176
     15 177
     16 178
     25 179
      9 180
     26 181
     10 182
     27 183
     17 184
     18 185
     18 186
     28 187
     19 188
     29 189
     12 190
     30 191
     20 192
     31 193
     21 194
     32 195
     32 196
     32 197
     33 198
     33 199
     33 200
     34 201
     22 202
     23 203
     24 204
     35 205
     15 206
     36 207
     16 208
     37 209
     25 210
     26 211
     27 212
     38 213
     17 214
     39 215
     39 216
     39 217
     40 218
     28 219
     41 220
     41 221
     41 222
     42 223
     29 224
     30 225
     31 226
     43 227
     21 228
     44 229
     32 230
     45 231
     33 232
     46 233
     34 234
     47 235
     47 236
     47 237
     24 238
     48 239
     35 240
     36 241
     37 242
     49 243
     25 244
     50 245
     26 246
     51 247
     27 248
     52 249
     38 250
     39 251
     53 252
     40 253
     54 254
     54 255
     54 256
     42 257
     55 258
     55 259
     55 260
     31 261
     56 262
     43 263
     44 264
     45 265
     46 266
     57 267
     34 268
     58 269
     47 270
     59 271
     59 272
     59 273
     60 274
     48 275
     61 276
     35 277
     62 278
     36 279
     63 280
     37 281
     64 282
     49 283
     50 284
     51 285
     52 286
     65 287
     38 288
     65 289
     65 290
     66 291
     66 292
     66 293
     67 294
     67 295
     67 296
     42 297
     68 298
     55 299
     69 300
     69 301
     69 302
     70 303
     56 304
     71 305
     43 306
     72 307
     44 308
     73 309
     73 310
     73 311
     74 312
     74 313
     74 314
     75 315
     57 316
     58 317
     58 318
     58 319
     76 320
     60 321
     77 322
     77 323
     77 324
     78 325
     61 326
     62 327
     63 328
     64 329
     79 330
     49 331
     80 332
     80 333
     80 334
     81 335
     81 336
     81 337
     82 338
     82 339
     82 340
     83 341
     83 342
     83 343
     84 344
     84 345
     84 346
     85 347
     85 348
     85 349
     68 350
     68 351
     68 352
     86 353
     70 354
     87 355
     87 356
     87 357
     88 358
     71 359
     72 360
     73 361
     89 362
     74 363
     90 364
     75 365
     76 366
     75 367
     91 368
     91 369
     91 370
     77 371
     92 372
     78 373
     93 374
     93 375
     93 376
     63 377
     94 378
     94 379
     94 380
     95 381
     79 382
     80 383
     96 384
     81 385
     97 386
     82 387
     98 388
     83 389
     99 390
     85 391
     86 392
    100 393
    100 394
    100 395
    101 396
    101 397
    101 398
    102 399
     88 400
    103 401
    103 402
    103 403
    103 404
    103 405
    104 406
     89 407
     90 408
    105 409
    105 410
    105 411
    106 412
     91 413
     92 414
    107 415
     78 416
    108 417
     93 418
     79 419
     96 420
     97 421
     98 422
    109 423
    109 424
    109 425
    110 426
     99 427
    111 428
    111 429
    111 430
    111 431
    111 432
    112 433
    112 434
    112 435
    113 436
    113 437
    113 438
    114 439
    102 440
    104 441
    102 442
    115 443
    104 444
     90 445
    115 446
    114 447
    114 448
    116 449
    116 450
    116 451
    106 452
     92 453
    117 454
    107 455
    108 456
    108 457
    108 458
    118 459
     95 460
     96 461
    119 462
     97 463
    120 464
     98 465
    121 466
    121 467
    121 468
    122 469
    110 470
    112 471
    110 472
    113 473
    122 474
    121 475
    123 476
    122 477
    124 478
    124 479
    124 480
    117 481
    124 482
    123 483
    121 484
    120 485
    119 486
    120 487
    118 488
    119 489
    119 490
    107 491
    107 492
    106 493
    125 1
    126 2
    127 0
    128 3
    129 1
    130 4
    131 2
    132 5
    133 0
    134 6
    135 3
    136 7
    137 1
    138 8
    139 4
    140 9
    141 2
    142 10
    143 5
    144 11
    145 0
    146 6
    147 12
    148 6
    149 13
    150 3
    151 14
    152 7
    153 8
    154 15
    155 4
    156 16
    157 9
    158 10
    159 17
    160 5
    161 18
    162 11
    163 19
    164 12
    165 20
    166 6
    167 13
    168 21
    169 13
    170 14
    171 22
    172 7
    173 23
    174 8
    175 24
    176 15
    177 16
    178 25
    179 9
    180 26
    181 10
    182 27
    183 17
    184 18
    185 19
    186 28
    187 19
    188 29
    189 12
    190 30
    191 20
    192 31
    193 21
    194 32
    195 13
    196 14
    197 33
    198 14
    199 22
    200 34
    201 22
    202 23
    203 24
    204 35
    205 15
    206 36
    207 16
    208 37
    209 25
    210 26
    211 27
    212 38
    213 17
    214 39
    215 18
    216 28
    217 40
    218 28
    219 41
    220 19
    221 29
    222 42
    223 29
    224 30
    225 31
    226 43
    227 21
    228 44
    229 32
    230 45
    231 33
    232 46
    233 34
    234 47
    235 22
    236 23
    237 24
    238 48
    239 35
    240 36
    241 37
    242 49
    243 25
    244 50
    245 26
    246 51
    247 27
    248 52
    249 38
    250 39
    251 53
    252 40
    253 54
    254 28
    255 41
    256 42
    257 55
    258 29
    259 30
    260 31
    261 56
    262 43
    263 44
    264 45
    265 46
    266 57
    267 34
    268 58
    269 47
    270 59
    271 24
    272 48
    273 60
    274 48
    275 61
    276 35
    277 62
    278 36
    279 63
    280 37
    281 64
    282 49
    283 50
    284 51
    285 52
    286 65
    287 38
    288 53
    289 53
    290 66
    291 53
    292 40
    293 67
    294 40
    295 54
    296 42
    297 68
    298 55
    299 69
    300 31
    301 56
    302 70
    303 56
    304 71
    305 43
    306 72
    307 44
    308 73
    309 45
    310 46
    311 74
    312 46
    313 57
    314 75
    315 57
    316 58
    317 59
    318 60
    319 76
    320 60
    321 77
    322 48
    323 61
    324 78
    325 61
    326 62
    327 63
    328 64
    329 79
    330 49
    331 80
    332 50
    333 51
    334 81
    335 51
    336 52
    337 82
    338 52
    339 65
    340 83
    341 65
    342 66
    343 84
    344 66
    345 67
    346 85
    347 67
    348 42
    349 68
    350 69
    351 70
    352 86
    353 70
    354 87
    355 56
    356 71
    357 88
    358 71
    359 72
    360 73
    361 89
    362 74
    363 90
    364 75
    365 76
    366 57
    367 91
    368 76
    369 60
    370 77
    371 92
    372 78
    373 93
    374 61
    375 62
    376 63
    377 94
    378 64
    379 79
    380 95
    381 79
    382 80
    383 96
    384 81
    385 97
    386 82
    387 98
    388 83
    389 99
    390 84
    391 86
    392 100
    393 70
    394 87
    395 101
    396 87
    397 88
    398 102
    399 88
    400 103
    401 71
    402 72
    403 73
    404 89
    405 104
    406 89
    407 90
    408 105
    409 75
    410 91
    411 106
    412 91
    413 92
    414 107
    415 78
    416 108
    417 93
    418 94
    419 96
    420 97
    421 98
    422 109
    423 83
    424 99
    425 110
    426 99
    427 111
    428 84
    429 85
    430 86
    431 100
    432 112
    433 100
    434 101
    435 113
    436 101
    437 102
    438 114
    439 102
    440 104
    441 88
    442 115
    443 104
    444 90
    445 115
    446 105
    447 115
    448 116
    449 115
    450 105
    451 106
    452 92
    453 117
    454 107
    455 108
    456 94
    457 95
    458 118
    459 95
    460 96
    461 119
    462 97
    463 120
    464 98
    465 121
    466 109
    467 110
    468 122
    469 110
    470 112
    471 99
    472 113
    473 122
    474 114
    475 123
    476 122
    477 124
    478 114
    479 116
    480 117
    481 116
    482 123
    483 117
    484 120
    485 123
    486 120
    487 118
    488 123
    489 118
    490 95
    491 118
    492 123
    493 117
    127 125
    125 126
    126 127
    125 128
    128 129
    129 125
    126 130
    130 131
    131 126
    127 132
    132 133
    133 127
    128 134
    134 135
    135 128
    129 136
    136 137
    137 129
    130 138
    138 139
    139 130
    131 140
    140 141
    141 131
    132 142
    142 143
    143 132
    133 144
    144 145
    145 133
    145 146
    146 134
    134 145
    146 147
    147 148
    148 146
    135 149
    149 150
    150 135
    136 151
    151 152
    152 136
    137 153
    153 138
    138 137
    139 154
    154 155
    155 139
    140 156
    156 157
    157 140
    141 158
    158 142
    142 141
    143 159
    159 160
    160 143
    144 161
    161 162
    162 144
    147 163
    163 164
    164 147
    148 165
    165 166
    166 148
    166 167
    167 149
    149 166
    167 168
    168 169
    169 167
    150 170
    170 151
    151 150
    152 171
    171 172
    172 152
    153 173
    173 174
    174 153
    154 175
    175 176
    176 154
    155 177
    177 156
    156 155
    157 178
    178 179
    179 157
    158 180
    180 181
    181 158
    159 182
    182 183
    183 159
    160 184
    184 161
    161 160
    162 185
    185 163
    163 162
    185 186
    186 187
    187 185
    164 188
    188 189
    189 164
    165 190
    190 191
    191 165
    168 192
    192 193
    193 168
    169 194
    194 195
    195 169
    195 196
    196 170
    170 195
    196 197
    197 198
    198 196
    198 199
    199 171
    171 198
    199 200
    200 201
    201 199
    172 202
    202 173
    173 172
    174 203
    203 175
    175 174
    176 204
    204 205
    205 176
    177 206
    206 207
    207 177
    178 208
    208 209
    209 178
    179 210
    210 180
    180 179
    181 211
    211 182
    182 181
    183 212
    212 213
    213 183
    184 214
    214 215
    215 184
    215 216
    216 186
    186 215
    216 217
    217 218
    218 216
    187 219
    219 220
    220 187
    220 221
    221 188
    188 220
    221 222
    222 223
    223 221
    189 224
    224 190
    190 189
    191 225
    225 192
    192 191
    193 226
    226 227
    227 193
    194 228
    228 229
    229 194
    197 230
    230 231
    231 197
    200 232
    232 233
    233 200
    201 234
    234 235
    235 201
    235 236
    236 202
    202 235
    236 237
    237 203
    203 236
    204 238
    238 239
    239 204
    205 240
    240 206
    206 205
    207 241
    241 208
    208 207
    209 242
    242 243
    243 209
    210 244
    244 245
    245 210
    211 246
    246 247
    247 211
    212 248
    248 249
    249 212
    213 250
    250 214
    214 213
    217 251
    251 252
    252 217
    218 253
    253 254
    254 218
    254 255
    255 219
    219 254
    255 256
    256 222
    222 255
    223 257
    257 258
    258 223
    258 259
    259 224
    224 258
    259 260
    260 225
    225 259
    226 261
    261 262
    262 226
    227 263
    263 228
    228 227
    229 264
    264 230
    230 229
    231 265
    265 232
    232 231
    233 266
    266 267
    267 233
    234 268
    268 269
    269 234
    237 270
    270 271
    271 237
    271 272
    272 238
    238 271
    272 273
    273 274
    274 272
    239 275
    275 276
    276 239
    240 277
    277 278
    278 240
    241 279
    279 280
    280 241
    242 281
    281 282
    282 242
    243 283
    283 244
    244 243
    245 284
    284 246
    246 245
    247 285
    285 248
    248 247
    249 286
    286 287
    287 249
    250 288
    288 251
    251 250
    287 289
    289 288
    288 287
    289 290
    290 291
    291 289
    291 292
    292 252
    252 291
    292 293
    293 294
    294 292
    294 295
    295 253
    253 294
    295 296
    296 256
    256 295
    257 297
    297 298
    298 257
    260 299
    299 300
    300 260
    300 301
    301 261
    261 300
    301 302
    302 303
    303 301
    262 304
    304 305
    305 262
    263 306
    306 307
    307 263
    264 308
    308 309
    309 264
    309 310
    310 265
    265 309
    310 311
    311 312
    312 310
    312 313
    313 266
    266 312
    313 314
    314 315
    315 313
    267 316
    316 268
    268 267
    269 317
    317 270
    270 269
    317 318
    318 273
    273 317
    318 319
    319 320
    320 318
    274 321
    321 322
    322 274
    322 323
    323 275
    275 322
    323 324
    324 325
    325 323
    276 326
    326 277
    277 276
    278 327
    327 279
    279 278
    280 328
    328 281
    281 280
    282 329
    329 330
    330 282
    283 331
    331 332
    332 283
    332 333
    333 284
    284 332
    333 334
    334 335
    335 333
    335 336
    336 285
    285 335
    336 337
    337 338
    338 336
    338 339
    339 286
    286 338
    339 340
    340 341
    341 339
    341 342
    342 290
    290 341
    342 343
    343 344
    344 342
    344 345
    345 293
    293 344
    345 346
    346 347
    347 345
    347 348
    348 296
    296 347
    348 349
    349 297
    297 348
    298 350
    350 299
    299 298
    350 351
    351 302
    302 350
    351 352
    352 353
    353 351
    303 354
    354 355
    355 303
    355 356
    356 304
    304 355
    356 357
    357 358
    358 356
    305 359
    359 306
    306 305
    307 360
    360 308
    308 307
    311 361
    361 362
    362 311
    314 363
    363 364
    364 314
    315 365
    365 366
    366 315
    365 367
    367 368
    368 365
    368 369
    369 320
    320 368
    369 370
    370 321
    321 369
    324 371
    371 372
    372 324
    325 373
    373 374
    374 325
    374 375
    375 326
    326 374
    375 376
    376 327
    327 375
    328 377
    377 378
    378 328
    378 379
    379 329
    329 378
    379 380
    380 381
    381 379
    330 382
    382 331
    331 330
    334 383
    383 384
    384 334
    337 385
    385 386
    386 337
    340 387
    387 388
    388 340
    366 319
    319 316
    316 366
    343 389
    389 390
    390 343
    349 391
    391 352
    352 349
    353 392
    392 393
    393 353
    393 394
    394 354
    354 393
    394 395
    395 396
    396 394
    396 397
    397 357
    357 396
    397 398
    398 399
    399 397
    358 400
    400 401
    401 358
    401 402
    402 359
    359 401
    402 403
    403 360
    360 402
    403 404
    404 361
    361 403
    404 405
    405 406
    406 404
    362 407
    407 363
    363 362
    364 408
    408 409
    409 364
    409 410
    410 367
    367 409
    410 411
    411 412
    412 410
    370 413
    413 371
    371 370
    372 414
    414 415
    415 372
    373 416
    416 417
    417 373
    376 418
    418 377
    377 376
    382 419
    419 383
    383 382
    384 420
    420 385
    385 384
    386 421
    421 387
    387 386
    388 422
    422 423
    423 388
    423 424
    424 389
    389 423
    424 425
    425 426
    426 424
    390 427
    427 428
    428 390
    428 429
    429 346
    346 428
    429 430
    430 391
    391 429
    430 431
    431 392
    392 430
    431 432
    432 433
    433 431
    433 434
    434 395
    395 433
    434 435
    435 436
    436 434
    436 437
    437 398
    398 436
    437 438
    438 439
    439 437
    399 440
    440 441
    441 399
    440 442
    442 443
    443 440
    406 444
    444 407
    407 406
    408 445
    445 446
    446 408
    439 447
    447 442
    442 439
    447 448
    448 449
    449 447
    449 450
    450 446
    446 449
    450 451
    451 411
    411 450
    412 452
    452 413
    413 412
    414 453
    453 454
    454 414
    415 455
    455 416
    416 415
    417 456
    456 418
    418 417
    456 457
    457 380
    380 456
    457 458
    458 459
    459 457
    381 460
    460 419
    419 381
    420 461
    461 462
    462 420
    421 463
    463 464
    464 421
    422 465
    465 466
    466 422
    441 405
    405 400
    400 441
    443 445
    445 444
    444 443
    466 467
    467 425
    425 466
    467 468
    468 469
    469 467
    426 470
    470 471
    471 426
    470 472
    472 435
    435 470
    438 473
    473 474
    474 438
    468 475
    475 476
    476 468
    474 477
    477 478
    478 474
    478 479
    479 448
    448 478
    479 480
    480 481
    481 479
    480 482
    482 483
    483 480
    475 484
    484 485
    485 475
    464 484
    484 465
    465 464
    462 486
    486 463
    463 462
    485 487
    487 488
    488 485
    486 489
    489 487
    487 486
    489 490
    490 459
    459 489
    490 461
    461 460
    460 490
    455 491
    491 458
    458 455
    491 492
    492 488
    488 491
    492 454
    454 483
    483 492
    476 482
    482 477
    477 476
    452 493
    493 453
    453 452
    481 493
    493 451
    451 481
    469 473
    473 472
    472 469
    471 432
    432 427
    427 471
