            246  249  257  258  275  278  
            247  251  252  263  264  290  
            248  254  255  269  270  299  
            250  260  261  284  285  320  
            253  266  267  293  294  332  
            256  272  273  302  303  344  
            259  277  281  282  311  314  
            262  287  288  323  324  377  
            265  289  291  326  327  380  
            268  296  297  335  336  392  
            271  298  300  338  339  395  
            274  276  279  305  306  347  
            280  308  309  353  354  419  
            283  313  317  318  362  365  
            286  319  321  364  368  371  
            292  329  330  383  384  449  
            295  331  333  386  387  452  
            301  341  342  398  399  467  
            304  343  345  348  401  404  
            307  346  350  351  410  413  
            310  312  315  356  357  422  
            316  359  360  425  426  494  
            322  370  374  375  437  440  
            325  376  378  439  443  
            328  379  381  442  444  509  512  
            334  389  390  455  456  530  
            337  391  393  458  459  533  
            340  394  396  461  462  536  
            349  403  407  408  473  476  
            352  412  416  417  482  485  
            355  418  420  484  488  
            358  421  423  487  489  566  569  
            361  363  366  428  429  497  
            367  369  372  431  432  500  
            373  434  435  503  504  596  
            382  446  447  518  519  617  
            385  448  450  521  522  620  
            388  451  453  524  525  623  
            397  464  465  539  540  545  
            400  402  405  466  468  542  
            406  470  471  550  554  557  
            409  411  414  475  479  
            415  478  480  559  561  661  665  
            424  491  492  575  576  686  
            427  493  495  578  579  689  
            430  496  498  581  584  
            433  499  501  583  587  590  
            436  438  441  506  507  599  
            445  511  515  516  608  611  
            454  527  528  626  627  731  
            457  529  531  629  632  
            460  532  534  631  635  638  
            463  535  537  637  641  644  
            469  541  544  548  551  
            472  474  477  556  560  
            481  483  486  563  564  668  
            490  568  572  573  677  680  
            502  589  593  594  698  743  
            505  595  597  600  603  742  
            508  510  513  598  602  
            514  601  605  606  703  707  
            517  610  614  615  713  716  
            520  616  618  715  719  
            523  619  621  718  720  803  
            526  622  624  722  725  
            538  543  546  643  647  650  
            547  549  552  649  653  656  
            553  555  558  655  659  662  
            562  664  666  669  672  749  
            565  567  570  667  671  
            571  670  674  675  752  755  
            574  679  683  684  767  770  
            577  685  687  769  773  
            580  582  585  688  690  772  776  
            586  588  591  692  693  782  
            592  695  696  699  785  788  
            604  697  701  704  741  
            607  609  612  706  708  794  
            613  710  711  797  798  881  
            625  724  728  729  804  893  
            628  630  633  730  732  806  
            634  636  639  734  735  809  
            640  642  645  737  738  812  
            646  648  651  740  744  815  818  
            652  654  657  746  824  827  
            658  660  663  747  826  830  
            673  748  750  829  833  
            676  678  681  754  758  761  
            682  760  764  765  851  905  
            691  775  779  780  857  
            694  781  783  856  858  907  
            700  702  705  787  791  792  875  
            709  793  795  874  876  974  
            712  714  717  800  801  884  
            721  723  726  802  883  887  
            727  886  890  891  955  959  
            733  805  807  892  894  958  
            736  808  810  896  897  947  
            739  811  813  899  900  944  
            745  817  821  822  917  983  
            751  753  756  832  836  839  
            757  759  762  838  842  845  
            763  844  848  849  852  863  
            766  768  771  774  777  904  
            778  850  854  855  903  908  
            784  786  789  860  868  872  
            790  871  873  972  976  
            796  878  879  960  963  966  
            799  880  882  885  888  962  
            814  816  819  902  911  
            820  910  914  915  918  980  
            823  825  828  831  834  982  
            835  837  840  916  920  981  
            841  843  846  919  921  979  
            847  861  864  923  929  932  
            853  859  862  866  869  906  
            865  867  870  931  935  977  
            877  934  938  967  973  975  
            889  949  952  956  961  965  
            895  945  951  954  957  
            898  940  942  946  948  953  
            901  909  912  924  939  943  
            913  922  926  927  971  978  
            925  937  941  950  964  968  969  
            928  930  933  936  970  
            246  0  247  251  1  249  
            247  0  248  254  2  252  
            248  0  246  257  3  255  
            249  1  250  260  4  258  
            250  1  251  263  5  261  
            252  2  253  266  6  264  
            253  2  254  269  7  267  
            255  3  256  272  8  270  
            256  3  257  275  9  273  
            258  4  259  277  10  278  
            259  4  260  284  12  282  
            261  5  262  287  13  285  
            262  5  263  290  14  288  
            264  6  265  289  14  290  
            265  6  266  293  15  291  
            267  7  268  296  16  294  
            268  7  269  299  17  297  
            270  8  271  298  17  299  
            271  8  272  302  18  300  
            273  9  274  305  19  303  
            274  9  275  278  10  276  
            276  10  277  281  11  279  
            279  11  280  308  20  306  
            280  11  281  311  21  309  
            282  12  283  313  22  314  
            283  12  284  320  24  318  
            285  13  286  319  24  320  
            286  13  287  323  25  321  
            288  14  289  326  26  324  
            291  15  292  329  27  327  
            292  15  293  332  28  330  
            294  16  295  331  28  332  
            295  16  296  335  29  333  
            297  17  298  338  30  336  
            300  18  301  341  31  339  
            301  18  302  344  32  342  
            303  19  304  343  32  344  
            304  19  305  347  33  345  
            306  20  307  346  33  347  
            307  20  308  353  35  351  
            309  21  310  356  36  354  
            310  21  311  314  22  312  
            312  22  313  317  23  315  
            315  23  316  359  37  357  
            316  23  317  362  38  360  
            318  24  319  364  39  365  
            321  25  322  370  41  371  
            322  25  323  377  43  375  
            324  26  325  376  43  377  
            325  26  326  380  44  378  
            327  27  328  379  44  380  
            328  27  329  383  45  381  
            330  28  331  386  46  384  
            333  29  334  389  47  387  
            334  29  335  392  48  390  
            336  30  337  391  48  392  
            337  30  338  395  49  393  
            339  31  340  394  49  395  
            340  31  341  398  50  396  
            342  32  343  401  51  399  
            345  33  346  350  34  348  
            348  34  349  403  52  404  
            349  34  350  410  54  408  
            351  35  352  412  55  413  
            352  35  353  419  57  417  
            354  36  355  418  57  419  
            355  36  356  422  58  420  
            357  37  358  421  58  422  
            358  37  359  425  59  423  
            360  38  361  428  60  426  
            361  38  362  365  39  363  
            363  39  364  368  40  366  
            366  40  367  431  61  429  
            367  40  368  371  41  369  
            369  41  370  374  42  372  
            372  42  373  434  62  432  
            373  42  374  437  63  435  
            375  43  376  439  64  440  
            378  44  379  442  65  443  
            381  45  382  446  66  444  
            382  45  383  449  67  447  
            384  46  385  448  67  449  
            385  46  386  452  68  450  
            387  47  388  451  68  452  
            388  47  389  455  69  453  
            390  48  391  458  70  456  
            393  49  394  461  71  459  
            396  50  397  464  72  462  
            397  50  398  467  73  465  
            399  51  400  466  73  467  
            400  51  401  404  52  402  
            402  52  403  407  53  405  
            405  53  406  470  74  468  
            406  53  407  473  75  471  
            408  54  409  475  76  476  
            409  54  410  413  55  411  
            411  55  412  416  56  414  
            414  56  415  478  77  479  
            415  56  416  482  78  480  
            417  57  418  484  79  485  
            420  58  421  487  80  488  
            423  59  424  491  81  489  
            424  59  425  494  82  492  
            426  60  427  493  82  494  
            427  60  428  497  83  495  
            429  61  430  496  83  497  
            430  61  431  500  84  498  
            432  62  433  499  84  500  
            433  62  434  503  85  501  
            435  63  436  506  86  504  
            436  63  437  440  64  438  
            438  64  439  443  65  441  
            441  65  442  509  87  507  
            444  66  445  511  88  512  
            445  66  446  518  90  516  
            447  67  448  521  91  519  
            450  68  451  524  92  522  
            453  69  454  527  93  525  
            454  69  455  530  94  528  
            456  70  457  529  94  530  
            457  70  458  533  95  531  
            459  71  460  532  95  533  
            460  71  461  536  96  534  
            462  72  463  535  96  536  
            463  72  464  539  97  537  
            465  73  466  542  98  540  
            468  74  469  541  98  542  
            469  74  470  550  101  551  
            471  75  472  556  103  557  
            472  75  473  476  76  474  
            474  76  475  479  77  477  
            477  77  478  559  104  560  
            480  78  481  563  105  561  
            481  78  482  485  79  483  
            483  79  484  488  80  486  
            486  80  487  566  106  564  
            489  81  490  568  107  569  
            490  81  491  575  109  573  
            492  82  493  578  110  576  
            495  83  496  581  111  579  
            498  84  499  583  112  584  
            501  85  502  589  114  590  
            502  85  503  596  116  594  
            504  86  505  595  116  596  
            505  86  506  599  117  597  
            507  87  508  598  117  599  
            508  87  509  512  88  510  
            510  88  511  515  89  513  
            513  89  514  601  118  602  
            514  89  515  608  120  606  
            516  90  517  610  121  611  
            517  90  518  617  123  615  
            519  91  520  616  123  617  
            520  91  521  620  124  618  
            522  92  523  619  124  620  
            523  92  524  623  125  621  
            525  93  526  622  125  623  
            526  93  527  626  126  624  
            528  94  529  629  127  627  
            531  95  532  631  128  632  
            534  96  535  637  130  638  
            537  97  538  643  132  644  
            538  97  539  545  99  543  
            540  98  541  544  99  545  
            543  99  544  548  100  546  
            546  100  547  649  134  650  
            547  100  548  551  101  549  
            549  101  550  554  102  552  
            552  102  553  655  136  656  
            553  102  554  557  103  555  
            555  103  556  560  104  558  
            558  104  559  661  138  662  
            561  105  562  664  139  665  
            562  105  563  668  140  666  
            564  106  565  667  140  668  
            565  106  566  569  107  567  
            567  107  568  572  108  570  
            570  108  571  670  141  671  
            571  108  572  677  143  675  
            573  109  574  679  144  680  
            574  109  575  686  146  684  
            576  110  577  685  146  686  
            577  110  578  689  147  687  
            579  111  580  688  147  689  
            580  111  581  584  112  582  
            582  112  583  587  113  585  
            585  113  586  692  148  690  
            586  113  587  590  114  588  
            588  114  589  593  115  591  
            591  115  592  695  149  693  
            592  115  593  698  150  696  
            594  116  595  742  165  743  
            597  117  598  602  118  600  
            600  118  601  605  119  603  
            603  119  604  741  165  742  
            604  119  605  703  152  704  
            606  120  607  706  153  707  
            607  120  608  611  121  609  
            609  121  610  614  122  612  
            612  122  613  710  154  708  
            613  122  614  713  155  711  
            615  123  616  715  156  716  
            618  124  619  718  157  719  
            621  125  622  722  158  720  
            624  126  625  724  159  725  
            625  126  626  731  161  729  
            627  127  628  730  161  731  
            628  127  629  632  128  630  
            630  128  631  635  129  633  
            633  129  634  734  162  732  
            634  129  635  638  130  636  
            636  130  637  641  131  639  
            639  131  640  737  163  735  
            640  131  641  644  132  642  
            642  132  643  647  133  645  
            645  133  646  740  164  738  
            646  133  647  650  134  648  
            648  134  649  653  135  651  
            651  135  652  746  166  744  
            652  135  653  656  136  654  
            654  136  655  659  137  657  
            657  137  658  826  193  827  
            658  137  659  662  138  660  
            660  138  661  665  139  663  
            663  139  664  749  167  747  
            666  140  667  671  141  669  
            669  141  670  674  142  672  
            672  142  673  748  167  749  
            673  142  674  752  168  750  
            675  143  676  754  169  755  
            676  143  677  680  144  678  
            678  144  679  683  145  681  
            681  145  682  760  171  761  
            682  145  683  767  173  765  
            684  146  685  769  174  770  
            687  147  688  772  175  773  
            690  148  691  775  176  776  
            691  148  692  782  178  780  
            693  149  694  781  178  782  
            694  149  695  785  179  783  
            696  150  697  701  151  699  
            697  150  698  743  165  741  
            699  151  700  787  180  788  
            700  151  701  704  152  702  
            702  152  703  707  153  705  
            705  153  706  794  182  792  
            708  154  709  793  182  794  
            709  154  710  797  183  795  
            711  155  712  800  184  798  
            712  155  713  716  156  714  
            714  156  715  719  157  717  
            717  157  718  803  185  801  
            720  158  721  802  185  803  
            721  158  722  725  159  723  
            723  159  724  728  160  726  
            726  160  727  886  213  887  
            727  160  728  893  215  891  
            729  161  730  806  186  804  
            732  162  733  805  186  806  
            733  162  734  809  187  807  
            735  163  736  808  187  809  
            736  163  737  812  188  810  
            738  164  739  811  188  812  
            739  164  740  815  189  813  
            744  166  745  817  190  818  
            745  166  746  824  192  822  
            747  167  748  829  194  830  
            750  168  751  832  195  833  
            751  168  752  755  169  753  
            753  169  754  758  170  756  
            756  170  757  838  197  839  
            757  170  758  761  171  759  
            759  171  760  764  172  762  
            762  172  763  844  199  845  
            763  172  764  851  201  849  
            765  173  766  904  219  905  
            766  173  767  770  174  768  
            768  174  769  773  175  771  
            771  175  772  776  176  774  
            774  176  775  779  177  777  
            777  177  778  903  219  904  
            778  177  779  857  203  855  
            780  178  781  856  203  857  
            783  179  784  860  204  858  
            784  179  785  788  180  786  
            786  180  787  791  181  789  
            789  181  790  871  208  872  
            790  181  791  875  209  873  
            792  182  793  874  209  875  
            795  183  796  878  210  876  
            796  183  797  881  211  879  
            798  184  799  880  211  881  
            799  184  800  884  212  882  
            801  185  802  883  212  884  
            804  186  805  892  215  893  
            807  187  808  896  216  894  
            810  188  811  899  217  897  
            813  189  814  902  218  900  
            814  189  815  818  190  816  
            816  190  817  821  191  819  
            819  191  820  910  221  911  
            820  191  821  917  223  915  
            822  192  823  982  245  983  
            823  192  824  827  193  825  
            825  193  826  830  194  828  
            828  194  829  833  195  831  
            831  195  832  836  196  834  
            834  196  835  981  245  982  
            835  196  836  839  197  837  
            837  197  838  842  198  840  
            840  198  841  919  224  920  
            841  198  842  845  199  843  
            843  199  844  848  200  846  
            846  200  847  923  225  921  
            847  200  848  863  205  861  
            849  201  850  854  202  852  
            850  201  851  905  219  903  
            852  202  853  862  205  863  
            853  202  854  908  220  906  
            855  203  856  907  220  908  
            858  204  859  906  220  907  
            859  204  860  868  207  869  
            861  205  862  866  206  864  
            864  206  865  931  228  932  
            865  206  866  869  207  867  
            867  207  868  872  208  870  
            870  208  871  976  243  977  
            873  209  874  974  242  972  
            876  210  877  973  242  974  
            877  210  878  966  240  967  
            879  211  880  962  238  960  
            882  212  883  887  213  885  
            885  213  886  890  214  888  
            888  214  889  961  238  962  
            889  214  890  955  236  956  
            891  215  892  958  237  959  
            894  216  895  957  237  958  
            895  216  896  947  233  945  
            897  217  898  946  233  947  
            898  217  899  944  232  942  
            900  218  901  943  232  944  
            901  218  902  911  221  909  
            909  221  910  914  222  912  
            912  222  913  926  226  924  
            913  222  914  980  244  978  
            915  223  916  920  224  918  
            916  223  917  983  245  981  
            918  224  919  979  244  980  
            921  225  922  978  244  979  
            922  225  923  929  227  927  
            924  226  925  941  231  939  
            925  226  926  971  241  969  
            927  227  928  970  241  971  
            928  227  929  932  228  930  
            930  228  931  935  229  933  
            933  229  934  938  230  936  
            934  229  935  977  243  975  
            936  230  937  969  241  970  
            937  230  938  967  240  968  
            939  231  940  942  232  943  
            940  231  941  950  234  948  
            945  233  946  953  235  951  
            948  234  949  952  235  953  
            949  234  950  964  239  965  
            951  235  952  956  236  954  
            954  236  955  959  237  957  
            960  238  961  965  239  963  
            963  239  964  968  240  966  
            972  242  973  975  243  976  
