1.2233647712031026 0.39303102308053439 -1.0291471897519819

1.4560060074403369 -0.20914267892745894 -0.77446275645631735

0.99669352674882083 -0.20033722295603279 -1.2723409207100391

1.5800159166663934 0.38275811650831748 -0.44464573115787265

1.1929846569575533 -0.77904962914164533 -0.98979666284273993

0.73032697027233662 0.37134164344749532 -1.4783727867462193

1.2841540959849087 0.9449199008589797 -0.65979116046469843

1.6856797807148536 -0.22405623828133595 -0.14122950833771974

1.4495645216613027 -0.77712076760340365 -0.38623554137236316

0.7620546647296379 -0.76772658475729239 -1.522165527513716

0.42985398850250872 -0.18924360159513726 -1.5942485567711424

0.99391246298114277 0.97277852095092654 -1.2786774949490629

0.98443881079097451 1.5170639022181818 -0.84739541798669116

1.4643483424296309 0.89241818316986232 -0.015942537855249517

1.688174860965278 0.30802790125150209 0.23355235242353461

1.1661251725789434 -1.322724753356852 -0.56953648749115282

0.88573439408744614 -1.3628978641366634 -1.2027318047932596

0.10965715376937125 0.34458027156212678 -1.6988973126817732

0.42069364631208911 0.94037891446635025 -1.6853013728849369

0.56069823492889981 1.5168477421164082 -1.3624477590481789

1.1031311722374462 1.3954650323577178 -0.20654464890905835

1.1263079238116771 1.2599431196396067 0.43695905368006843

1.6518676214319812 -0.28978069048392296 0.49878595140118681

1.5703484324118546 -0.70044003533023702 0.15930316451764381

1.2270041659958231 -1.2051618998629365 0.13810857047863029

0.3503463514917679 -1.2849476373830213 -1.6041337921928378

0.12927004807802844 -0.71502838140548741 -1.761875724075002

-0.19782865036754371 -0.18150536184472957 -1.6561534389049901

-0.029509831059951766 1.4259561059231767 -1.5832831319816849

0.43840989316676798 1.9147685733781081 -0.86569723476667115

0.75075930909704536 1.8159668751432623 -0.39864648442727285

0.60274151715626934 1.6955439102383467 0.20330451361579144

1.4593589758955006 0.73912222381716819 0.64838471725558611

1.5385607001275463 0.16664887066653669 0.86763914494822481

1.3787729441671868 -0.40505903334492971 1.0621520237179936

0.82249947739483686 -1.702608293618348 -0.12357335840237049

0.70704328688567863 -1.8109841205479666 -0.75043785122585405

0.32585636086658426 -1.7553782201334918 -1.2351974690938805

-0.51517652880984233 0.32424086404884972 -1.5856621028249545

-0.26037353426186616 0.87115519300244948 -1.7375323072616473

-0.63188337120740279 1.2918512017450672 -1.4713260932368395

0.068203360190327758 1.8025863442323162 -1.2384787186229707

-0.2866558164776643 1.9864005884228972 -0.77948773899295465

0.6331341290109842 1.4191180284071352 0.85432299308467785

1.0487134793127957 0.98976619989477921 1.0545302170348954

1.2761153866474486 0.52515449866128894 1.1437143090935487

1.1708572871145728 0.061431988979297414 1.3754591069799409

1.4037581396597212 -0.83570345786481859 0.65501748656699244

0.69683759334702411 -1.5329038967371169 0.47122099934563072

-0.17910494131920726 -1.5593297782087003 -1.47606918679633

-0.17729087221523709 -1.1313033308280207 -1.7012601036957296

-0.49877695530157462 -0.70061667069263711 -1.6681840847160658

-0.77570441218225372 -0.19723427108892982 -1.422351659777072

-0.77961189662356811 0.78232375235978435 -1.5089826913028042

-0.37624684989068691 1.6982715341358503 -1.2829079843402924

0.2215230500013303 2.0230791507564319 -0.2741381968214901

0.077755288404443554 1.6312443766134757 0.65681098441218699

0.91401203000863651 -0.48978514542858703 1.4892581828201972

1.0411251910050847 -0.92082304243876223 1.130184712265462

1.041347885815882 -1.2268525828405041 0.72431155158153882

0.6068570764006036 -1.3091817477158714 1.053038268592758

0.26226386158388976 -1.8492150004633872 0.1854341522795625

0.37918940166493081 -1.9932453427714263 -0.335161103781632

0.10513013381760988 -2.0197888455534163 -0.75936526395104753

-0.19693126122748028 -1.8658528320460328 -1.1183562005670284

-1.0247950403377757 0.36313041293079501 -1.2412630875370159

-1.102580897399839 0.97718554734789553 -1.1215593378598407

-0.85311579672831872 1.591498648088538 -0.98456322959556419

-0.38763812202390224 1.9355274053718032 -0.080657572313573012

0.012566820045263346 1.8613353341610006 0.21677368333690183

-0.4204267133745026 1.6628025490448641 0.42275660080254024

0.11354418092753049 1.3277259223660305 1.2044978593334192

0.5876768731864257 1.0931322652874165 1.3078390921150624

0.80079280377683071 0.60553508765635167 1.5135880362641867

0.62626809353586854 -0.0015086516519820744 1.7189319582894718

0.32258543895654357 -0.57120744678724344 1.7069876374701825

0.60100514976633235 -0.93340144456087182 1.4307558956084752

0.12464067346694925 -1.5881461653959883 0.76558034186654367

-0.32992730996412595 -1.7248895497345473 0.35385760117082005

-0.66466431331800702 -1.65250154050926 -1.1370556425531064

-0.66154272937422143 -1.2182273720892782 -1.4886227382947697

-1.0111533338241985 -0.73500130845024414 -1.2857527123103472

-1.2772837051834016 -0.20327039117639481 -1.0168551426632755

-1.4555913097540245 0.47562280075859004 -0.66622212070849873

-1.2295593084441931 1.1786180494233227 -0.51100901918447728

-0.87026673240954189 1.7146459064588981 -0.34429983037808554

-0.76930723815948443 1.6123338790162525 0.14967539384852541

-0.44974794511319682 1.4273914802395973 0.96475016839035033

-0.38336362344986569 1.0228259805645588 1.445630628014249

0.2930418166809553 0.41703075486409569 1.7597452155382487

0.013822096538824432 -0.041599127529395145 1.8364413227080663

0.038958050987826731 -1.1576549061871275 1.3885020206213212

-0.46666426402217104 -1.4307928211297738 0.94974027624953283

-0.15981182532004384 -2.0203336335683209 -0.20737371924261844

-0.49623264079136137 -1.9388423885419259 -0.68579883500320649

-0.98424672070491803 -1.5991389693243803 -0.57881962086478822

-1.0753800892643053 -1.2533644507046386 -1.0048917760990339

-1.3181232596391856 -0.76598774046134221 -0.72152510761570676

-1.6189741547463135 -0.2428700051989158 -0.410576389576086

-1.5143634426164883 0.80645601693756241 -0.0043756829514872142

-0.89436806776094169 1.3911975068256173 0.58930843351749096

-0.93956405676149657 1.0398263984592848 1.1141862635982669

-0.82618414248069616 0.54171513842629193 1.5249646556335212

0.20462688586890282 0.88282252099879222 1.5789002134198256

-0.23114306969112211 0.5009395192516739 1.7461201549872456

-0.29898579668408315 -0.60556560862010422 1.6988652872598684

-0.5462801597396667 -1.0250474539902159 1.3855644264849067

-0.89203925936998718 -1.4196725531844121 0.50066105024812924

-0.73152740093086666 -1.754205426407714 -0.068439144161164311

-1.6922419026881219 0.2546925424474113 -0.055768780768280346

-1.6297178823592864 0.3821873494342049 0.51241428129345579

-1.137036784560286 1.2973397396461526 0.086413352541663879

-1.335594488037505 0.96686467835952683 0.60665299678911766

-1.3261677192218015 0.49990658341408944 1.0915627677852757

-1.1398459917598154 -0.040312055177744874 1.4044494371727494

-0.59852828926994528 -0.034725693792022165 1.7291284108700071

-0.85826034794887818 -0.58963864696189738 1.4859833604348935

-0.9729940452983139 -1.0487527445672828 1.0718823323198592

-1.1464829479567105 -1.2973343077475408 -0.0066006266065775643

-1.2349734839009663 -1.170095301839551 -0.47745305752347689

-1.4967413527870352 -0.81374849704421015 -0.11959819613751155

-1.6955637855694141 -0.24797740341850541 0.2652250196806642

-1.5240146901595077 -0.14224383116407735 0.90156734361926216

-1.4112815413172028 -0.86555652941529326 0.58336499174347622

-1.2540342250067076 -0.56660467897648148 1.1488707769259601

1.3666572949387594 0.096446497669891759 -0.9228778347853579

1.2498558012440093 -0.20184203843732926 -1.047268125311416

1.132996301535748 0.095002647358965228 -1.1736176341973268

1.4298189991663977 0.3915511735208691 -0.75518421685858961

1.5480826668584189 0.08988036636378588 -0.6271515815442692

1.3117158786433694 -0.49723246648175196 -0.88034702224368133

1.1102201909166181 -0.49037096610723829 -1.1462011014629114

0.86179486458979049 0.091673377898441183 -1.3689252556733709

0.99341753355425 0.38388753188263891 -1.2707948982113377

1.2777577386759524 0.67430630634883659 -0.85752503981242278

1.4333500334508598 0.66897190934952933 -0.5585621852262489

1.6666487860957231 0.073869686853216168 -0.30159896460677121

1.6041298440415299 -0.21872913710704314 -0.46379687330055885

1.4831660448745674 -0.50807066845142757 -0.5904480045844015

1.3287674781419896 -0.77784769707485801 -0.6872372918005405

1.0125514896976004 -0.78067692993256677 -1.283971707300406

0.87967064260170125 -0.48310368963035089 -1.3878578391180887

0.72400825798585655 -0.19459742678391564 -1.4517848055466467

0.57058476253766677 0.085496157293872735 -1.5182263878970597

0.88761907251322802 0.66834420943913508 -1.4146598399587376

1.1061607927282493 0.67542479941434574 -1.1487254269333098

1.1765402704169556 0.96741370847984831 -0.98035023552449263

1.0269842918600369 1.2676441487589676 -1.0810014849744791

1.1690310838214719 1.2424224904513348 -0.76519475151193794

1.3820882045010525 0.9187463555692531 -0.34003786545641168

1.5522060198766858 0.65163037189000417 -0.23575250571622042

1.6685069541382891 0.35341026514903234 -0.10567853169863303

1.7175479174228474 0.045916335251779704 0.037496279876437943

1.5950712924713351 -0.49965236245081351 -0.28857994111043617

1.2937100511997237 -1.0358427185237828 -0.46395521390081479

1.2197814061676209 -1.0663524988378714 -0.79524278172935281

1.0794519362819397 -1.0823036114299285 -1.1162720275493274

0.85995126795078458 -1.0749170643722308 -1.390635804930983

0.60482026590150662 -0.46530716663241795 -1.582152162517247

0.27044402199619955 0.082729933560136359 -1.6321273878144162

0.4326638080945821 0.35847157472064572 -1.6293387564375077

0.60271144577055347 0.65294979778701567 -1.6161322803219369

0.73225703638347928 0.96295136151976635 -1.5232218311887866

0.8018767376386603 1.2686664139918276 -1.3551101389932989

0.80022787430179165 1.5380970401996148 -1.1319651295368685

1.0888661101383064 1.4643097492692208 -0.53290236913437661

1.2290676059469161 1.1890695489919456 -0.43676869814428398

1.2742717297025696 1.1396431327055314 -0.11412822460240019

1.102379143870913 1.3295641864272798 0.10807683726365253

1.3199986805032908 1.0984603950113347 0.21389295155538451

1.6090674169539385 0.60758025695718498 0.10482301133199634

1.7012331963946945 -0.0011074218481910221 0.37038584234629507

1.7013942177552495 -0.24271619857627486 0.18589530272583771

1.6448336600506548 -0.49366239731018879 0.020980896451150033

1.5333291080472047 -0.75354449030456649 -0.081676992998170939

1.3680049020600089 -1.008961016352375 -0.14560284732075573

1.1906392869275664 -1.2605507246474443 -0.23006460560887892

1.064208969425863 -1.3610242220654514 -0.90787812494104636

0.63377505120959088 -1.3352324041352801 -1.4457171910395632

0.57367792010277641 -1.0470344074068532 -1.5989441076914859

0.44997976371815279 -0.74313843664229129 -1.6885597850476359

0.28902363634976269 -0.4494096121718183 -1.6985745162237502

0.11858216126448967 -0.18199838475974656 -1.6667324897787161

-0.044895324877356368 0.07761463412722977 -1.6620167731844229

0.27308940720039643 0.63142524562320157 -1.7337739547990949

0.51927895775517119 1.2467058367965083 -1.5555254518142387

0.19652686291056429 1.2114539314256483 -1.6710186422707032

0.27366864489378034 1.4745927120068154 -1.5178880647984827

0.53647497385873411 1.7448205867604525 -1.12199700672783

0.73294433093517186 1.7465831579343969 -0.88555465581671267

0.8790637731457267 1.705115195477648 -0.60436786489850303

0.92916361222673061 1.6502245995226066 -0.29928024121672431

0.89732296195452366 1.5682295128082893 0.010040253774084629

0.87900212836566061 1.4688136362195516 0.32342844421149458

1.3230630662813569 1.0105760211585408 0.54901878211664124

1.4917181289558408 0.82998477310025076 0.32748111593729862

1.5992692047138932 0.54164606765836754 0.44465461730916983

1.5344588596654409 0.45259107403259297 0.74866235260640557

1.6426993769617637 0.23904253188885632 0.56733035082880878

1.6211548139811924 -0.059362959420500058 0.68860572788806573

1.4844515104764433 -0.12024017871512525 0.97743361886130464

1.5428443557389238 -0.35009453531522383 0.79188155279794326

1.6280543425038119 -0.51875821090537333 0.31379678979276387

1.4479392345298105 -0.92783528827434325 0.14852222933253134

1.008898771621759 -1.456756305413264 -0.011641079158610346

1.0257598753783497 -1.54479596878797 -0.33787338323125671

0.96592783623771172 -1.6023929414022922 -0.67465551246760591

0.82737380567118768 -1.6179809338370839 -0.98296927657030153

0.61451792058730847 -1.5986840068217545 -1.2461330374765491

0.36090126844895043 -1.5401683762142442 -1.4418296710780787

0.27095970649850004 -0.99765842677289984 -1.717464800896461

-0.035557334706682105 -0.43960989721255644 -1.7291584021864606

-0.35367935489289565 0.069860126453196753 -1.6088417101363415

-0.21518187261204819 0.3329957196495828 -1.6819476555272206

-0.068855956664681403 0.60974467811649502 -1.7587963899037622

0.07218453001269555 0.90949571599057211 -1.7580052173018421

-0.14019413697783825 1.1623097327597143 -1.6962202836032694

-0.45091971178806084 1.1091499385480343 -1.6363310731328913

-0.33739911710947118 1.3625222573190574 -1.5687748095246514

0.046784873892544314 1.6421796761565777 -1.4199301322884847

0.29853409249076684 1.7029623078909433 -1.3092575246139451

0.22469703949323511 1.8798061806027024 -1.0844815360702118

-0.070102285248447957 1.9127650217612251 -1.0600100541244795

0.10711230961212072 2.001400809984438 -0.82954622067029438

0.6250301746533089 1.8874285267299973 -0.61552176196013519

0.70718835710211136 1.7943987739121159 -0.13182287820070665

0.62567967829919779 1.5452195653762351 0.54034552665865165

0.88911077453314957 1.3689210549976936 0.65915973272926198

1.1077332643247655 1.1425052467470598 0.76969347803072097

1.2723127773893153 0.89356245192930106 0.85264008930589275

1.3781797390795081 0.62746281470972576 0.93266599962686114

1.4114029228698433 0.36663113692482235 1.0290983492758197

1.3783742070613867 0.098944755875606569 1.1410578502177549

1.2951569832653549 -0.17571535523997311 1.2350753564191794

1.4144966293664223 -0.6310083381969751 0.86494903745972063

1.5481704079205125 -0.57547455941529091 0.5969973119768599

1.5114922989271495 -0.77642010119937621 0.38338854468139322

1.3520185358734009 -1.0205583967047853 0.41517182558065852

0.96035622070683191 -1.416348012023982 0.30336520017481999

0.75888009703558412 -1.6094395584946335 0.17137150933132045

0.80770036822611868 -1.7753446139316753 -0.44462045029661612

0.53662288170825878 -1.8071037527454852 -1.0160996173431063

0.082518163496605151 -1.666194739767588 -1.3945029323951901

0.091536933795171027 -1.4561621958854953 -1.561150728423486

0.057541396880142363 -1.2038462206239413 -1.68843324653676

-0.043555495650421598 -0.95180414988962947 -1.7535833028591121

-0.19689091692644811 -0.69297907056605657 -1.7524076855879729

-0.35387285259566703 -0.43659801534389114 -1.6781801240610235

-0.49513842734581193 -0.18971932149105392 -1.567159032744351

-0.63707041726911917 0.072127332374905428 -1.4841004695264988

-0.38778472150358079 0.58332024693218487 -1.6976001599962021

-0.56009332727166128 0.82767389264196145 -1.6400254760869177

-0.73319942946004235 1.014738256625356 -1.5111082418401607

-0.50153675534164599 1.5305225716034578 -1.3855826281690853

-0.23118164175445508 1.5894940151463468 -1.4403437925169589

-0.15337304238151547 1.7728667569062173 -1.2655497109932834

-0.35939747788980247 1.8407370071410543 -1.0905686223092348

-0.0069018731072023071 2.0561757219585508 -0.51476906838783787

0.32470558546829226 2.0111947845757299 -0.57652546260645232

0.52515460400422675 1.9384759340846838 -0.33362179247793194

0.42803834764340876 1.9078840806203035 -0.042093680157508639

0.33736965333412144 1.6655867543493064 0.46978329672013314

0.3638039551948366 1.5525697896021982 0.76165008384330446

0.86843439682930168 1.226598629942903 0.95346727337411097

1.1800503819357953 0.74641185056168569 1.1213656930791012

1.2352522672436153 0.33125356487379287 1.2671403879648395

1.0594999905652227 -0.21655759452258089 1.4545210571227978

1.1636184856886882 -0.45373068963322877 1.2995905804835919

1.2245134682903733 -0.68105435823179739 1.11456289381119

1.2461396928092909 -0.8797995961222177 0.91166253005181241

1.2251750518503797 -1.0633051720370461 0.68860143757926884

1.1317401108406766 -1.2418982370625098 0.48476771241554589

0.89798432504390235 -1.3787353226205417 0.61811182597687497

0.85687262821302412 -1.2812300242863319 0.88029478177605158

0.6486963668947483 -1.451450137460317 0.7734187093951399

0.48017326378342995 -1.6865913635595968 0.32897650361049929

0.55874627116473852 -1.806481469307371 0.056729255453738303

0.59098960737599548 -1.8919342154652852 -0.23953189646540241

0.53916680227098912 -1.938956124146479 -0.51673761537308771

0.4042982897216863 -1.9536610463001973 -0.7764820859754864

0.23837022695516477 -1.9183244073829711 -1.0023903408554888

0.036472317533560554 -1.8411911788796229 -1.1853792694469494

-0.19275966662631214 -1.7432805012206298 -1.2936784123730272

-0.18011390985637413 -1.33592464108149 -1.6189587990119116

-0.32950553330863014 -0.94185737136919223 -1.7128865928087931

-0.64626566158265386 -0.44702108902366117 -1.5535523359474441

-0.91413610554263225 0.075731145602084202 -1.3379982728955886

-0.78151768804039845 0.32765076501706092 -1.4350341834444991

-0.67206181522820507 0.56623289427615031 -1.5653306197885362

-0.89983814464780632 0.59658301675510894 -1.3934229037206953

-1.0968960589040637 0.66170662631662125 -1.1621071003610701

-0.94166522398520069 0.8666834540993622 -1.3585145562798482

-0.89022358948245728 1.166981088027544 -1.3230594055384679

-1.017914702061876 1.3041732447478105 -1.0643579591795467

-0.77578963318942584 1.4454365135174374 -1.2527127100486322

-0.59064391362214586 1.6802628535080597 -1.1680890291180874

-0.61803245513373239 1.8195260007465954 -0.8921718116070787

-0.3470867280054315 2.0070672296835408 -0.38615843728054733

-0.10237928121782784 2.0231994780302278 -0.19285263967711075

0.11664493163095552 1.9582051908381994 0.014218428278739148

0.26070538076056715 1.8234872470861134 0.22715921759693108

0.049491847933501559 1.7392742961648222 0.40745844477035992

-0.19088015048201851 1.7835537773359822 0.30868113170029615

-0.18855587615114558 1.6582116890226137 0.55424699345769501

0.094957224432537721 1.5034689746610332 0.94703865437687318

0.36877232200311882 1.4052215249207849 1.0377385298898554

0.61563795589180348 1.254024318607261 1.1204006755065279

0.80608742448243564 1.0535472652285685 1.2118338796459842

0.94761115697379772 0.81657654086978504 1.2975235482953811

1.0906621491517641 0.56850569609953205 1.319354918445482

1.0084334742613861 0.32265168706637598 1.4724917251028615

0.74131896873661041 0.2861778588179979 1.6424338463904735

0.91416013681256247 0.034565690307139151 1.573542638344799

0.78285089657465456 -0.25461671326280122 1.6272035634508042

0.4824701529343568 -0.28646216481038739 1.7429034349123085

0.63064193431593607 -0.52107720039756955 1.6300000997713404

1.0035114416356496 -0.71066135318379831 1.3196326237040605

1.0532084583578425 -1.0987477633291862 0.91818992493828033

0.84201305610174926 -1.1291166763660663 1.1041724998733706

0.81988725306125332 -0.93666354542822883 1.3039483118204818

0.59321225367772457 -1.1204050904932836 1.2794076975327253

0.37132658551854419 -1.4617659203804729 0.94389597949280635

0.42146986935779579 -1.5868452544721778 0.62952832856599472

0.18941892595034734 -1.700622880454929 0.4570201864815579

-0.10695474162815866 -1.6641923808213468 0.55978332395597952

-0.032986053024585703 -1.81837766542796 0.28094903231542895

0.33301366307604752 -1.9561142896821502 -0.093198429374297842

0.25740457757779261 -2.0299313552803144 -0.52721209656266321

-0.063910711681959498 -1.9567919354500907 -0.9654017854130168

-0.41535903576139399 -1.7919661491636343 -1.1370733054813396

-0.43655852131000672 -1.6206532317359383 -1.3370551553810912

-0.43666404083326649 -1.4094360060167879 -1.5051716911284663

-0.40499437690287382 -1.1761940905084913 -1.6310051072003995

-0.60507066308331192 -0.96213134508769937 -1.6011707574118106

-0.8609144359792712 -0.99002122283262128 -1.4147946096442308

-0.77677487100356657 -0.71639793382337968 -1.5106200228488229

-0.90175314449320843 -0.46164991910789288 -1.363543714666936

-1.1226647390311464 -0.47840764266478192 -1.1322554311015187

-1.033291484558303 -0.1984067576796128 -1.2442368332115197

-1.1749056099517847 0.1022704873323108 -1.1350134005371655

-1.4060227710779443 0.11667226563572915 -0.86681276147533515

-1.2449462299060206 0.40903683593794588 -0.99927143341879598

-1.2446763453329246 0.74058950604871243 -0.89482722745875476

-1.3393876699740062 0.85495358254777343 -0.58329405677983315

-1.2034218224672095 1.0880401211697042 -0.83257716565489592

-1.085440134513272 1.4113227904066741 -0.75827737613272439

-1.0798061249068929 1.4801370770739299 -0.43596213725840127

-0.88433572594924026 1.6880098161793287 -0.6719064956761196

-0.63252723309806658 1.889799150485576 -0.55070302349644784

-0.62966569248601789 1.8683712812036544 -0.22739083001290869

-0.16366893510613664 1.9215989894877192 0.085005120342228291

-0.39993524021447607 1.8051008322940265 0.18791433914868849

-0.61755037375686017 1.7766390545752455 0.049620992881759363

-0.61724033061712835 1.645399500708808 0.28165272703909144

-0.44046536276312237 1.5628855500733421 0.6842556932970334

-0.18348923421311797 1.5544705786473123 0.82998872434826998

-0.16816396650364873 1.3991207588190495 1.1031957121237987

-0.42898585696927827 1.2451649970190399 1.2233160781254644

-0.13566204926893491 1.2013543906707691 1.3404146624935542

0.37888035183609897 1.2165022373816801 1.2724098776788781

0.68515094655597109 0.90095972122900414 1.4120829167109001

0.51774312066815587 0.49841131142697531 1.6796670232786131

0.44873710086795371 0.2330822449303446 1.7609913872654119

0.3194351987140609 -0.034953944598232374 1.8067157676898002

0.16855103282329123 -0.31406060085055143 1.7996635101313605

0.47639502373802151 -0.79307801832108327 1.5669913924618839

0.75119298969833015 -0.74092134520098096 1.4753610169809985

0.173709765465138 -0.86176339846613348 1.5953736883637191

0.37270516912659479 -1.0362508925128999 1.4382399269899977

0.3494689123123324 -1.2718513813736161 1.2209318561511211

0.082075118828706814 -1.421643478209897 1.0816727402246422

-0.16855072088101722 -1.533350043554031 0.87780766191156334

-0.40211686453367268 -1.5835701128679063 0.65459438695836014

-0.25454306254698195 -1.9026094471888588 0.090273478560212728

0.044082713572488587 -1.9647917518469695 0.0098484087208745574

0.1408699914922423 -2.0337791833241927 -0.26902359507435947

-0.03401386371276232 -2.056307295451048 -0.4943694513739092

-0.20265662742656082 -2.0161461177509366 -0.72095504661117005

-0.33596866955831056 -1.9223196663095372 -0.93714007346887929

-0.6026757049870346 -1.8190764735220899 -0.91484252714300718

-0.76486977531019207 -1.7958788721185082 -0.62932752690262683

-0.84904956321344915 -1.6560625705924388 -0.87000041566907038

-0.68061483251352306 -1.4562305344544368 -1.3279761984182983

-0.89799565759400546 -1.2467704256343246 -1.2713270711600617

-1.0706310109878507 -1.0092547128350291 -1.1619046097145336

-1.1836923556996879 -0.75323651238041778 -1.0123635617281619

-1.3203460365176964 -0.49581746761443202 -0.86876352862240513

-1.4812770253856649 -0.20991529615455992 -0.73161884406660405

-1.5785526151414579 0.088592130262586888 -0.56029098302398894

-1.5139998600678493 0.68618800428467186 -0.32498466770958517

-1.3643800958544505 0.97686711635357837 -0.26732087916592584

-0.82520590558206308 1.6723556884379152 -0.055286116939693153

-0.82569256489853704 1.5011327184115884 0.3332110909071147

-0.65157044788240259 1.5400926442374741 0.5195125822592459

-0.69204879939658792 1.4226238292152651 0.79198881457594306

-0.93798417971938064 1.239819086048481 0.85282220166699862

-0.69928349235672915 1.2586799108223934 1.0578121382133139

-0.67311761132555914 1.0470480954691888 1.3040143078740534

-0.89998761282845019 0.80570236261343442 1.3414451803304537

-0.61621635276075171 0.80214611038726968 1.5081286871389041

-0.081629470168671878 0.96759714739378666 1.5366803830283029

0.14850024992333064 1.1153929556966367 1.4178636477951978

0.42504545125957172 1.0082742935869446 1.4440717061467685

0.48772546423999408 0.77145301426918655 1.5748697192502723

0.25641914221330947 0.63200314515558509 1.6959937454024443

-0.022633890414391344 0.71490158227673251 1.6812261456269466

0.056769271497894007 0.45572091680871718 1.7745571470681245

0.172381598763685 0.21403181344916117 1.8149031089079668

-0.14736540721539798 -0.32411467122035514 1.7997457076623196

0.013737626101325257 -0.60708499312442255 1.7262417744864256

-0.12993280276183392 -0.87726508495943067 1.590744698880229

-0.43043032791025287 -0.85392616914008934 1.5466642369706265

-0.30649478147277476 -1.1020102716508655 1.4015366129877116

-0.22737818298229881 -1.3433354946708658 1.1668328012883997

-0.69044937886479707 -1.4485876506909079 0.7360908442959011

-0.61004577586999675 -1.5843130137433956 0.43546705508828626

-0.54008977837845096 -1.758350405403815 0.15996772324876241

-0.45907384906791199 -1.9259186083143005 -0.13302308377132371

-0.34213501056671869 -2.0107177778874488 -0.43530477847721161

-0.8936760408288752 -1.4718288933083059 -1.0857355894871392

-1.2081092068996162 -1.0033550913804192 -0.88104528046723929

-1.4841216163324249 -0.51922310112324455 -0.58027354689159916

-1.6840777400871765 0.040528397908164975 -0.23033213831412958

-1.6253758733992643 0.35478460844571469 -0.31967053001273193

-1.634396197505408 0.51349199228508557 -0.036215676218060627

-1.6895388321648341 0.31086027189317378 0.20199662325993156

-1.601231848790889 0.61110318740243774 0.26194640652424744

-1.3390341300792643 1.0769619559559365 0.042565170071855396

-1.1937905136668838 1.2534943020794023 -0.20209625970910863

-1.0228951901635519 1.4865789267258422 -0.13478367681479203

-0.93435275792325478 1.4866317369838666 0.1198850544427254

-1.0405960437428632 1.3494667248495025 0.35045113465275451

-1.260024712929549 1.1498726482656976 0.33729665357703315

-1.1231698470642357 1.2055683497761616 0.6104515666848005

-1.1617202834542097 1.0157882219735057 0.87659217420335089

-1.3573515896258197 0.74714505359995076 0.86384063294747659

-1.1513362664454487 0.7886353952524735 1.1224247932702025

-1.0965860481202678 0.53302253167358149 1.3301718838632304

-1.25184736350111 0.23043212639942665 1.2737969630053316

-1.005555965465291 0.25376085515258662 1.4891744162858431

-0.53124198514576371 0.52984993503571054 1.6647212279868235

-0.31637116159805978 0.76934563917605647 1.6224622464844078

-0.72416725488759792 0.25438053461941706 1.6562440776417819

-0.42301657437584117 0.24687156227400087 1.7657908932134849

-0.12005191039375017 0.22736747948320221 1.8176738570590971

-0.29390031216309181 -0.042069057483856455 1.8111820447970923

-0.45379996695354557 -0.32791411331162357 1.7433265121998143

-0.88761876135628248 -0.034678282876284022 1.5898646751093908

-1.0019406292713824 -0.31752784019187941 1.4785032303003713

-0.74487999054190823 -0.32423284248735779 1.6330563523638741

-0.59302844726478021 -0.59664841858378348 1.6172426221568941

-0.69847272836968244 -0.83567902683362172 1.4482311639359344

-0.51689016979242197 -1.2214003414700392 1.2121738484043674

-0.74135689373130742 -1.2635964801168946 1.0181736189843003

-0.96902315069255274 -1.2457866048041917 0.80067380285653966

-0.79015868657042876 -1.5691815061541521 0.20967274584422618

-0.6318571640102677 -1.8892207347581564 -0.37501738420004638

-0.88202319974359378 -1.7006388088260969 -0.32209569920748715

-0.9496440837094533 -1.5324920180090202 -0.033315273178010085

-1.06719935461618 -1.4749006538215084 -0.28004447944169603

-1.0441307214670055 -1.4520971374874272 -0.81051281959184984

-1.188415334948465 -1.2195848582159443 -0.7213573668602975

-1.2876016730733231 -0.9914640775286746 -0.58384751138304991

-1.4340395313124168 -0.77625238548402986 -0.43014061872942377

-1.5908993387866179 -0.53332747678227266 -0.26115485764082935

-1.6896974889095877 -0.25646746726672615 -0.076770054978637842

-1.7194413176488605 0.029282447022228601 0.084379554596233974

-1.6945780064133238 0.069042826055617207 0.4034235820432725

-1.6386069968439967 -0.21789472028992612 0.59227781429777759

-1.6058130782749915 0.12374460233089953 0.72069829470933877

-1.5088532630778897 0.68956467275680855 0.57116119669672338

-1.4534190830352613 0.90013153705936222 0.30604016784823956

-1.5094028021535457 0.44709389703597691 0.80997202547015346

-1.4569590861176651 0.18247834936089205 1.0127521272057922

-1.3558089876220114 -0.072863568835697529 1.1728754137775452

-1.59884652080893 -0.55267912425381582 0.42786265216525204

-1.5226123045315372 -0.48793772750266307 0.75100989280033925

-1.3966991336680363 -0.39089889015707624 1.0415699474268689

-1.2219020906230871 -0.33436720946169862 1.2804233323118999

-1.0817334930966143 -0.58410143162678796 1.3199456211668648

-1.1542157986790613 -0.8014874938169626 1.1088687853414183

-0.93643795157376764 -0.82990879927376515 1.2971420879454743

-1.3497340662087549 -0.69315410591450854 0.92703415728562866

-1.1969541613772816 -0.9904022411191058 0.85510848548696505

-1.6274383880671199 -0.55529147661150002 0.078326119303677999

-1.4949660030275327 -0.84607352393936741 0.2043855930957969

-1.3327387692947714 -1.0119768982672317 -0.3161085227120114

-1.3428788131028051 -1.0646160411044505 -0.030204545930783699

-1.2930478905316005 -1.1248346125529913 0.26251373541538597

-1.2072070458761639 -1.2353810016518181 -0.27303485093772834

-1.144455011989735 -1.3711032737860323 -0.52467669761087399

-1.0475329683453865 -1.35869692084409 0.24831088153674258

-1.160104256202386 -1.1933356993723747 0.55117510677669368

-0.74591947908012712 -1.0522292369139672 1.2549005948290395

