0.099183799098042341
0.10384741046481111
0.096816563980173825
0.10413491493044491
0.10001256074874137
0.097212942711721873
0.097342067292224513
0.093425324827633438
0.092730733041980887
0.10426674791286668
0.088998303237048451
0.10868697133534574
0.099469517154897713
0.099647326969017319
0.097965049278813374
0.10533465471229977
0.1061725277595284
0.090678715043548574
0.10680922653490725
0.096837125544427111
0.094240409772840358
0.1012999585049852
0.084417132196507788
0.050161127915521526
0.12236707402107713
0.087588996537499214
0.087899978134730314
0.081520908133027092
0.081576170824821548
0.091936207136056283
0.055985898740189867
0.1260989208142374
0.088595308505527035
0.082940678707646945
0.085221360348555014
0.093137599357949893
0.092305201092078168
0.082133600374708862
0.079753566907330833
0.090465884494480134
0.08081819090842976
0.046633943453205512
0.13813915962361278
0.09023956725239192
0.082776167018354871
0.047759396356945968
0.084544610609905937
0.077877689163749417
0.085095464396674314
0.070797085425643225
0.044293382680789459
0.081514417160828606
0.083636696498154667
0.048095580211662402
0.045222464783729814
0.092139402483098723
0.081199734529349324
0.081510470717163441
0.072772727967897327
0.047169001594607483
0.080308968953643756
0.084527898987716649
0.048130534099781908
0.074977267053995045
0.041640748542506809
0.08763270224838772
0.096171427013328328
0.09912973220734414
0.078882304736256667
0.045143774013071465
0.063363037216591769
0.081995272309014489
0.045975601412424454
0.1099251964516736
0.086369374373532898
0.089017128979837171
0.047452404724988552
0.094902222403116729
0.087117045849882571
0.075167039498995683
0.07799413719017799
0.087132960479038235
0.10330313918619302
0.15228529666844223
0.1023959058764761
0.092807498952952969
0.038189049991260604
0.085253165663295008
0.089583350482652618
0.045871428119279682
0.083540038775878456
0.13073823429201925
0.093721396273782662
0.084542473638413579
0.08127942884500039
0.078886936353233988
0.077996358351861944
0.081474420746554005
0.10433043479714452
0.096808370474667366
0.074013924307988865
0.093571782224360564
0.096289614201732168
0.074897645458229023
0.081781098901551608
0.089916902798757137
0.051082617371055211
0.095393339223807466
0.088812659162818511
0.05903986363792553
0.096233874564158356
0.077193745899837796
0.094154465287997036
0.099918153433286472
0.090102265873685222
0.092464745961345046
0.079301112299025339
0.086015750649910641
0.081871837977072523
0.041888779165636963
0.091829848332003389
0.10406343079966068
0.099400195819315806
0.14691479462372728
0.052939135014130174
0.10402031533495054
0.10106694104880526
0.10016009855919827
0.10219552375199135
0.10524053297605795
0.098354987052936022
0.097624018043522012
0.095260540485659934
0.097369300956204774
0.097735137520846116
0.099150931092024969
0.10267017338291627
0.10049539123316983
0.097798620108038845
0.095402712482786589
0.10337339675536417
0.097518863434881586
0.092971952258584623
0.091324693463797887
0.10366964595646048
0.099875588411923358
0.10305778179727171
0.10771332144857275
0.10090341978423388
0.096314433668708649
0.10147637912234909
0.10231922312683625
0.09667952196979418
0.091982592929924153
0.095667671715111466
0.10279539277305438
0.10686951443561994
0.10637294598820302
0.097045169093980824
0.086637985116637214
0.094973167568596861
0.10412179395486067
0.10889857507673795
0.10822767935723961
0.10109514245309456
0.095656696330668103
0.095059500125412838
0.094813749241389814
0.096437522846197679
0.099431063140668005
0.10061996943662246
0.09137550637471803
0.086563813515867616
0.077529662958692028
0.079449551310441666
0.095207839327258195
0.10316338618033064
0.10743025962362468
0.099877321608710629
0.099498064148623958
0.097522456579289596
0.091427670533514666
0.084659930015148988
0.082913223753583259
0.10154323916653951
0.10333938826077217
0.098079570689825257
0.087609648433743845
0.09111900365866174
0.092960768006142558
0.084246986308654348
0.084937455564485731
0.099143213285870321
0.10437814169030822
0.096400560256556606
0.098463062058555276
0.093726698629522306
0.083365700888235708
0.090499811728140839
0.086850175017783277
0.08420327278154216
0.084545932395023865
0.073023945062538217
0.079878573528319619
0.10042273680122876
0.10166835288931141
0.10309599147125044
0.10152225818006211
0.097271967128827561
0.085811023173169187
0.086856829472364408
0.086269316023297835
0.080552126308945954
0.08531724647689895
0.094117521737436413
0.10085202404062681
0.090191388971915781
0.083174774713542232
0.078644112159739793
0.067502049594039437
0.076647238314111535
0.076763315942361965
0.076875729193742831
0.099136021263455359
0.082038381534406957
0.087592429029892477
0.10129375506108408
0.098325936954768031
0.093988164697041063
0.085937544577178823
0.073503951724011876
0.070653486381456271
0.080274274563722672
0.083827099515972656
0.081421781139694102
0.07983362066647133
0.070493465648537118
0.08517999741748089
0.09302364675327375
0.088284130181087994
0.09276866368424265
0.089081116857927731
0.073990457659611902
0.07591080400801338
0.070241885119937147
0.070986066373163847
0.081425201765956537
0.083020099618645371
0.081282337397827226
0.081141702480508671
0.084950426110608962
0.075272282612346808
0.072209119718256526
0.069406537152710279
0.065717977689037393
0.057840791278550546
0.078110443579585354
0.10765191231676415
0.093770663024981771
0.080948833656723534
0.09392208929398882
0.090097343440700584
0.08962933130100903
0.086655242868164936
0.071796080318008382
0.071326615151596301
0.085985498199484089
0.083156995640296119
0.080421245963476815
0.076002231807262427
0.070497530410449719
0.081301485896296266
0.072929344880304267
0.067046561541434915
0.082539534218611321
0.085458885116118488
0.086290334058244267
0.07807076741453374
0.07507026778203392
0.080534529775155933
0.0765588978381012
0.065623738544671739
0.061679482879395592
0.064457524188212864
0.067600676697940121
0.083579804790541987
0.086797036648763828
0.078598302234228271
0.071897520574808346
0.071914695076867208
0.088576929381463013
0.073924990535764151
0.086711049461538514
0.10013912995563982
0.086340887679033446
0.075950661513019851
0.10486615840902511
0.10645083702328209
0.088327485487200832
0.076155367598814569
0.081084840247353504
0.065716647766907901
0.058811815230835167
0.070550461040961271
0.086475704033241424
0.0830797927457195
0.073479662096029602
0.071064258002394035
0.080149280148674867
0.07513043134776827
0.089010015090862663
0.089812915843702032
0.088700613703953157
0.086489662025535721
0.086821458415902331
0.083187283313326296
0.075796377840487705
0.065211224316987143
0.071818945409313717
0.066851407740684196
0.070469941760654395
0.092175141867248039
0.089104210902575143
0.087243351450767295
0.090486176750899192
0.085837100809492209
0.073968249955738544
0.068232030008790745
0.064476848641422432
0.061835705333231503
0.070132094673679535
0.071750530720920108
0.064555793443197437
0.077990686442011486
0.08514667730782724
0.08543081146059528
0.085048411447305891
0.089246538969692896
0.090907234264173048
0.10032880953344959
0.118601745279722
0.10805395512657702
0.10911151141261587
0.11239397991903641
0.10624241059879125
0.10665647006155059
0.098435045782886477
0.10562173003285365
0.11195578639089006
0.08613562511936855
0.065626715013383352
0.064690949769550088
0.063458257319218586
0.055362677924405114
0.07480622645894569
0.083178061376283488
0.086773081752202733
0.08901916737228209
0.085245948827180743
0.069079736481958198
0.071683360597350754
0.076866374387930536
0.072231164003183204
0.081845861691031419
0.089036455582989019
0.074471944227158721
0.070015472319816335
0.094221399561374417
0.080304230300906151
0.093580147754721274
0.10588711958481788
0.097244774655864105
0.091833935402600167
0.087802067952332682
0.082469651958169882
0.070104032392194801
0.078036275596960095
0.076135274199751773
0.06328143309905114
0.075317000229730327
0.083905859440845054
0.078987969184853873
0.077123409788653424
0.082396419364524159
0.08415620831930537
0.084682707450191672
0.094613519590161441
0.10844279647721167
0.11764946164849013
0.11053429622468781
0.09832992532297874
0.066226259806093674
0.056298637778801688
0.066370719720374532
0.079532000064770417
0.085977462846832914
0.088541490312781343
0.092509660463958782
0.095664694293561559
0.092942273765709238
0.082188414813471708
0.076793358063582062
0.065546513959443803
0.079644035101496244
0.067129902489703727
0.076894049389990657
0.06660940243903489
0.068192664881341805
0.090804065152445892
0.092457362989673192
0.096924081572984558
0.077898708218280335
0.088711808837797376
0.10330024840258908
0.094170881461151518
0.088114493316560155
0.087341861603167079
0.089873267971530724
0.085386486035346432
0.078355628554237153
0.076606833303218311
0.095943768549472383
0.092210241318176761
0.10357019138150785
0.087128282937615584
0.082248561327669514
0.09415231659735851
0.090601904150505369
0.089057713439027797
0.079025183698946164
0.059020739926364474
0.071705739797814166
0.085982139232088764
0.084335567804148484
0.093136227230618665
0.098213799104912861
0.096854817036398408
0.097954658155237531
0.096305077877456943
0.095673162873998949
0.091222696199904807
0.08657425190683643
0.09435256677478035
0.088911557419027107
0.079762492471847204
0.088549511735006817
0.089974438046048308
0.091655296903043373
0.083774663993690907
0.087972360138397432
0.083731674983832632
0.071258306737493768
0.079597743283165934
0.088870663442228354
0.098027243442789597
0.087512590762387987
0.089386226486728004
0.085263846005742355
0.083925289361429206
0.076824618383677379
0.074438714070223552
0.065475605661039341
0.065029577817618478
0.082444977817678733
0.09794876264326019
0.10004808312529215
0.084995193575671604
0.09678252526524514
0.10538658168150028
0.1009667648341336
0.097872791683951257
0.094981688917633159
0.09988431510763561
0.098904130587546074
0.09213738736423599
0.11645750510592305
0.10849865322747883
0.084025532918551707
0.077867435889024311
0.071702510516871543
0.075754927473710654
0.076548780100007457
0.091124639061696724
0.10229727190355294
0.10576092471066624
0.110691849276208
0.067325523167124826
0.084995622762635087
0.10520140535047498
0.065327796302019306
0.064669794559129884
0.091939694652044157
0.10980603894662222
0.071935364315076161
