    126 127 125
    129 125 128
    131 126 130
    133 127 132
    135 128 134
    137 129 136
    139 130 138
    141 131 140
    143 132 142
    145 133 144
    134 145 146
    148 146 147
    150 135 149
    152 136 151
    138 137 153
    155 139 154
    157 140 156
    142 141 158
    160 143 159
    162 144 161
    164 147 163
    166 148 165
    149 166 167
    169 167 168
    151 150 170
    172 152 171
    174 153 173
    176 154 175
    156 155 177
    179 157 178
    181 158 180
    183 159 182
    161 160 184
    163 162 185
    187 185 186
    189 164 188
    191 165 190
    193 168 192
    195 169 194
    170 195 196
    198 196 197
    171 198 199
    201 199 200
    173 172 202
    175 174 203
    205 176 204
    207 177 206
    209 178 208
    180 179 210
    182 181 211
    213 183 212
    215 184 214
    186 215 216
    218 216 217
    220 187 219
    188 220 221
    223 221 222
    190 189 224
    192 191 225
    227 193 226
    229 194 228
    231 197 230
    233 200 232
    235 201 234
    202 235 236
    203 236 237
    239 204 238
    206 205 240
    208 207 241
    243 209 242
    245 210 244
    247 211 246
    249 212 248
    214 213 250
    252 217 251
    254 218 253
    219 254 255
    222 255 256
    258 223 257
    224 258 259
    225 259 260
    262 226 261
    228 227 263
    230 229 264
    232 231 265
    267 233 266
    269 234 268
    271 237 270
    238 271 272
    274 272 273
    276 239 275
    278 240 277
    280 241 279
    282 242 281
    244 243 283
    246 245 284
    248 247 285
    287 249 286
    251 250 288
    288 287 289
    291 289 290
    252 291 292
    294 292 293
    253 294 295
    256 295 296
    298 257 297
    300 260 299
    261 300 301
    303 301 302
    305 262 304
    307 263 306
    309 264 308
    265 309 310
    312 310 311
    266 312 313
    315 313 314
    268 267 316
    270 269 317
    273 317 318
    320 318 319
    322 274 321
    275 322 323
    325 323 324
    277 276 326
    279 278 327
    281 280 328
    330 282 329
    332 283 331
    284 332 333
    335 333 334
    285 335 336
    338 336 337
    286 338 339
    341 339 340
    290 341 342
    344 342 343
    293 344 345
    347 345 346
    296 347 348
    297 348 349
    299 298 350
    302 350 351
    353 351 352
    355 303 354
    304 355 356
    358 356 357
    306 305 359
    308 307 360
    362 311 361
    364 314 363
    366 315 365
    368 365 367
    320 368 369
    321 369 370
    372 324 371
    374 325 373
    326 374 375
    327 375 376
    378 328 377
    329 378 379
    381 379 380
    331 330 382
    384 334 383
    386 337 385
    388 340 387
    316 366 319
    390 343 389
    352 349 391
    393 353 392
    354 393 394
    396 394 395
    357 396 397
    399 397 398
    401 358 400
    359 401 402
    360 402 403
    361 403 404
    406 404 405
    363 362 407
    409 364 408
    367 409 410
    412 410 411
    371 370 413
    415 372 414
    417 373 416
    377 376 418
    383 382 419
    385 384 420
    387 386 421
    423 388 422
    389 423 424
    426 424 425
    428 390 427
    346 428 429
    391 429 430
    392 430 431
    433 431 432
    395 433 434
    436 434 435
    398 436 437
    439 437 438
    441 399 440
    443 440 442
    407 406 444
    446 408 445
    442 439 447
    449 447 448
    446 449 450
    411 450 451
    413 412 452
    454 414 453
    416 415 455
    418 417 456
    380 456 457
    459 457 458
    419 381 460
    462 420 461
    464 421 463
    466 422 465
    400 441 405
    444 443 445
    425 466 467
    469 467 468
    471 426 470
    435 470 472
    474 438 473
    476 468 475
    478 474 477
    448 478 479
    481 479 480
    483 480 482
    485 475 484
    465 464 484
    463 462 486
    488 485 487
    487 486 489
    459 489 490
    460 490 461
    458 455 491
    488 491 492
    483 492 454
    477 476 482
    453 452 493
    451 481 493
    472 469 473
    427 471 432
      0 125 127
      1 126 125
      2 127 126
      0 128 125
      3 129 128
      1 125 129
      1 130 126
      4 131 130
      2 126 131
      2 132 127
      5 133 132
      0 127 133
      0 134 128
      6 135 134
      3 128 135
      3 136 129
      7 137 136
      1 129 137
      1 138 130
      8 139 138
      4 130 139
      4 140 131
      9 141 140
      2 131 141
      2 142 132
     10 143 142
      5 132 143
      5 144 133
     11 145 144
      0 133 145
     11 146 145
      6 134 146
      0 145 134
     11 147 146
     12 148 147
      6 146 148
      6 149 135
     13 150 149
      3 135 150
      3 151 136
     14 152 151
      7 136 152
      7 153 137
      8 138 153
      1 137 138
      8 154 139
     15 155 154
      4 139 155
      4 156 140
     16 157 156
      9 140 157
      9 158 141
     10 142 158
      2 141 142
     10 159 143
     17 160 159
      5 143 160
      5 161 144
     18 162 161
     11 144 162
     11 163 147
     19 164 163
     12 147 164
     12 165 148
     20 166 165
      6 148 166
     20 167 166
     13 149 167
      6 166 149
     20 168 167
     21 169 168
     13 167 169
     13 170 150
     14 151 170
      3 150 151
     14 171 152
     22 172 171
      7 152 172
      7 173 153
     23 174 173
      8 153 174
      8 175 154
     24 176 175
     15 154 176
     15 177 155
     16 156 177
      4 155 156
     16 178 157
     25 179 178
      9 157 179
      9 180 158
     26 181 180
     10 158 181
     10 182 159
     27 183 182
     17 159 183
     17 184 160
     18 161 184
      5 160 161
     18 185 162
     19 163 185
     11 162 163
     18 186 185
     28 187 186
     19 185 187
     19 188 164
     29 189 188
     12 164 189
     12 190 165
     30 191 190
     20 165 191
     20 192 168
     31 193 192
     21 168 193
     21 194 169
     32 195 194
     13 169 195
     32 196 195
     14 170 196
     13 195 170
     32 197 196
     33 198 197
     14 196 198
     33 199 198
     22 171 199
     14 198 171
     33 200 199
     34 201 200
     22 199 201
     22 202 172
     23 173 202
      7 172 173
     23 203 174
     24 175 203
      8 174 175
     24 204 176
     35 205 204
     15 176 205
     15 206 177
     36 207 206
     16 177 207
     16 208 178
     37 209 208
     25 178 209
     25 210 179
     26 180 210
      9 179 180
     26 211 181
     27 182 211
     10 181 182
     27 212 183
     38 213 212
     17 183 213
     17 214 184
     39 215 214
     18 184 215
     39 216 215
     28 186 216
     18 215 186
     39 217 216
     40 218 217
     28 216 218
     28 219 187
     41 220 219
     19 187 220
     41 221 220
     29 188 221
     19 220 188
     41 222 221
     42 223 222
     29 221 223
     29 224 189
     30 190 224
     12 189 190
     30 225 191
     31 192 225
     20 191 192
     31 226 193
     43 227 226
     21 193 227
     21 228 194
     44 229 228
     32 194 229
     32 230 197
     45 231 230
     33 197 231
     33 232 200
     46 233 232
     34 200 233
     34 234 201
     47 235 234
     22 201 235
     47 236 235
     23 202 236
     22 235 202
     47 237 236
     24 203 237
     23 236 203
     24 238 204
     48 239 238
     35 204 239
     35 240 205
     36 206 240
     15 205 206
     36 241 207
     37 208 241
     16 207 208
     37 242 209
     49 243 242
     25 209 243
     25 244 210
     50 245 244
     26 210 245
     26 246 211
     51 247 246
     27 211 247
     27 248 212
     52 249 248
     38 212 249
     38 250 213
     39 214 250
     17 213 214
     39 251 217
     53 252 251
     40 217 252
     40 253 218
     54 254 253
     28 218 254
     54 255 254
     41 219 255
     28 254 219
     54 256 255
     42 222 256
     41 255 222
     42 257 223
     55 258 257
     29 223 258
     55 259 258
     30 224 259
     29 258 224
     55 260 259
     31 225 260
     30 259 225
     31 261 226
     56 262 261
     43 226 262
     43 263 227
     44 228 263
     21 227 228
     44 264 229
     45 230 264
     32 229 230
     45 265 231
     46 232 265
     33 231 232
     46 266 233
     57 267 266
     34 233 267
     34 268 234
     58 269 268
     47 234 269
     47 270 237
     59 271 270
     24 237 271
     59 272 271
     48 238 272
     24 271 238
     59 273 272
     60 274 273
     48 272 274
     48 275 239
     61 276 275
     35 239 276
     35 277 240
     62 278 277
     36 240 278
     36 279 241
     63 280 279
     37 241 280
     37 281 242
     64 282 281
     49 242 282
     49 283 243
     50 244 283
     25 243 244
     50 284 245
     51 246 284
     26 245 246
     51 285 247
     52 248 285
     27 247 248
     52 286 249
     65 287 286
     38 249 287
     38 288 250
     53 251 288
     39 250 251
     65 289 287
     53 288 289
     38 287 288
     65 290 289
     66 291 290
     53 289 291
     66 292 291
     40 252 292
     53 291 252
     66 293 292
     67 294 293
     40 292 294
     67 295 294
     54 253 295
     40 294 253
     67 296 295
     42 256 296
     54 295 256
     42 297 257
     68 298 297
     55 257 298
     55 299 260
     69 300 299
     31 260 300
     69 301 300
     56 261 301
     31 300 261
     69 302 301
     70 303 302
     56 301 303
     56 304 262
     71 305 304
     43 262 305
     43 306 263
     72 307 306
     44 263 307
     44 308 264
     73 309 308
     45 264 309
     73 310 309
     46 265 310
     45 309 265
     73 311 310
     74 312 311
     46 310 312
     74 313 312
     57 266 313
     46 312 266
     74 314 313
     75 315 314
     57 313 315
     57 316 267
     58 268 316
     34 267 268
     58 317 269
     59 270 317
     47 269 270
     58 318 317
     60 273 318
     59 317 273
     58 319 318
     76 320 319
     60 318 320
     60 321 274
     77 322 321
     48 274 322
     77 323 322
     61 275 323
     48 322 275
     77 324 323
     78 325 324
     61 323 325
     61 326 276
     62 277 326
     35 276 277
     62 327 278
     63 279 327
     36 278 279
     63 328 280
     64 281 328
     37 280 281
     64 329 282
     79 330 329
     49 282 330
     49 331 283
     80 332 331
     50 283 332
     80 333 332
     51 284 333
     50 332 284
     80 334 333
     81 335 334
     51 333 335
     81 336 335
     52 285 336
     51 335 285
     81 337 336
     82 338 337
     52 336 338
     82 339 338
     65 286 339
     52 338 286
     82 340 339
     83 341 340
     65 339 341
     83 342 341
     66 290 342
     65 341 290
     83 343 342
     84 344 343
     66 342 344
     84 345 344
     67 293 345
     66 344 293
     84 346 345
     85 347 346
     67 345 347
     85 348 347
     42 296 348
     67 347 296
     85 349 348
     68 297 349
     42 348 297
     68 350 298
     69 299 350
     55 298 299
     68 351 350
     70 302 351
     69 350 302
     68 352 351
     86 353 352
     70 351 353
     70 354 303
     87 355 354
     56 303 355
     87 356 355
     71 304 356
     56 355 304
     87 357 356
     88 358 357
     71 356 358
     71 359 305
     72 306 359
     43 305 306
     72 360 307
     73 308 360
     44 307 308
     73 361 311
     89 362 361
     74 311 362
     74 363 314
     90 364 363
     75 314 364
     75 365 315
     76 366 365
     57 315 366
     75 367 365
     91 368 367
     76 365 368
     91 369 368
     60 320 369
     76 368 320
     91 370 369
     77 321 370
     60 369 321
     77 371 324
     92 372 371
     78 324 372
     78 373 325
     93 374 373
     61 325 374
     93 375 374
     62 326 375
     61 374 326
     93 376 375
     63 327 376
     62 375 327
     63 377 328
     94 378 377
     64 328 378
     94 379 378
     79 329 379
     64 378 329
     94 380 379
     95 381 380
     79 379 381
     79 382 330
     80 331 382
     49 330 331
     80 383 334
     96 384 383
     81 334 384
     81 385 337
     97 386 385
     82 337 386
     82 387 340
     98 388 387
     83 340 388
     76 319 366
     58 316 319
     57 366 316
     83 389 343
     99 390 389
     84 343 390
     85 391 349
     86 352 391
     68 349 352
     86 392 353
    100 393 392
     70 353 393
    100 394 393
     87 354 394
     70 393 354
    100 395 394
    101 396 395
     87 394 396
    101 397 396
     88 357 397
     87 396 357
    101 398 397
    102 399 398
     88 397 399
     88 400 358
    103 401 400
     71 358 401
    103 402 401
     72 359 402
     71 401 359
    103 403 402
     73 360 403
     72 402 360
    103 404 403
     89 361 404
     73 403 361
    103 405 404
    104 406 405
     89 404 406
     89 407 362
     90 363 407
     74 362 363
     90 408 364
    105 409 408
     75 364 409
    105 410 409
     91 367 410
     75 409 367
    105 411 410
    106 412 411
     91 410 412
     91 413 370
     92 371 413
     77 370 371
     92 414 372
    107 415 414
     78 372 415
     78 416 373
    108 417 416
     93 373 417
     93 418 376
     94 377 418
     63 376 377
     79 419 382
     96 383 419
     80 382 383
     96 420 384
     97 385 420
     81 384 385
     97 421 386
     98 387 421
     82 386 387
     98 422 388
    109 423 422
     83 388 423
    109 424 423
     99 389 424
     83 423 389
    109 425 424
    110 426 425
     99 424 426
     99 427 390
    111 428 427
     84 390 428
    111 429 428
     85 346 429
     84 428 346
    111 430 429
     86 391 430
     85 429 391
    111 431 430
    100 392 431
     86 430 392
    111 432 431
    112 433 432
    100 431 433
    112 434 433
    101 395 434
    100 433 395
    112 435 434
    113 436 435
    101 434 436
    113 437 436
    102 398 437
    101 436 398
    113 438 437
    114 439 438
    102 437 439
    102 440 399
    104 441 440
     88 399 441
    102 442 440
    115 443 442
    104 440 443
    104 444 406
     90 407 444
     89 406 407
     90 445 408
    115 446 445
    105 408 446
    114 447 439
    115 442 447
    102 439 442
    114 448 447
    116 449 448
    115 447 449
    116 450 449
    105 446 450
    115 449 446
    116 451 450
    106 411 451
    105 450 411
    106 452 412
     92 413 452
     91 412 413
     92 453 414
    117 454 453
    107 414 454
    107 455 415
    108 416 455
     78 415 416
    108 456 417
     94 418 456
     93 417 418
    108 457 456
     95 380 457
     94 456 380
    108 458 457
    118 459 458
     95 457 459
     95 460 381
     96 419 460
     79 381 419
     96 461 420
    119 462 461
     97 420 462
     97 463 421
    120 464 463
     98 421 464
     98 465 422
    121 466 465
    109 422 466
    104 405 441
    103 400 405
     88 441 400
    115 445 443
     90 444 445
    104 443 444
    121 467 466
    110 425 467
    109 466 425
    121 468 467
    122 469 468
    110 467 469
    110 470 426
    112 471 470
     99 426 471
    110 472 470
    113 435 472
    112 470 435
    113 473 438
    122 474 473
    114 438 474
    121 475 468
    123 476 475
    122 468 476
    122 477 474
    124 478 477
    114 474 478
    124 479 478
    116 448 479
    114 478 448
    124 480 479
    117 481 480
    116 479 481
    124 482 480
    123 483 482
    117 480 483
    121 484 475
    120 485 484
    123 475 485
    120 484 464
    121 465 484
     98 464 465
    119 486 462
    120 463 486
     97 462 463
    120 487 485
    118 488 487
    123 485 488
    119 489 486
    118 487 489
    120 486 487
    119 490 489
     95 459 490
    118 489 459
    119 461 490
     96 460 461
     95 490 460
    107 491 455
    118 458 491
    108 455 458
    107 492 491
    123 488 492
    118 491 488
    107 454 492
    117 483 454
    123 492 483
    123 482 476
    124 477 482
    122 476 477
    106 493 452
    117 453 493
     92 452 453
    117 493 481
    106 451 493
    116 481 451
    122 473 469
    113 472 473
    110 469 472
    112 432 471
    111 427 432
     99 471 427
